5678679
1184748
8291670
2008500
5963721
5643435
7333594
2846806
2909974
9869397
9760119
700938
1786521
8578544
627479
2402751
4990796
4611671
593099
5228693
2238741
5084198
9371319
5759728
6638268
6537592
8626636
9765175
9489349
6547582
2250351
8832193
2249750
1793149
4593422
292749
6263657
4201581
1417792
1892445
9571100
7458725
4080417
1600695
5399338
5909871
4778671
5979295
8783023
6675568
9562739
7606526
6168192
3667963
6260109
3196493
7825832
9117106
6459161
9258489
4433966
4202992
4263367
1408752
7282910
5437919
9654529
6777054
6216553
7555086
992956
6343154
643217
6833194
9434412
5493199
6732870
1023102
7858153
6603771
8263126
3341461
8277292
7041316
9484737
8357559
4642201
9607307
5847913
7023424
2449614
164541
2464062
6583584
2634530
8947569
773221
8649710
4849003
7890323
1045652
5336662
4421304
6196588
2066796
9030341
8040966
334047
9637955
6094024
5529599
2650196
2370811
8618733
8934382
4888518
6662050
1184475
5620539
9025870
2705104
1523058
9041103
8057122
9929200
4959480
9426689
3620666
3351618
2557754
6764973
5688482
1987269
2008312
129026
1937044
6680382
8468017
665579
870406
7506336
9800083
368797
3284401
237324
6960076
5142040
1240959
7273791
5635468
8589578
2364126
914241
9670065
2482166
9974453
5869256
290934
904843
6345986
3521237
7704313
7722269
7200186
2589613
3238284
1186362
443663
9581932
883846
5262968
1111722
7694482
6822330
4568732
7497240
4671772
4325938
8686286
524544
8542429
9279516
2065364
9570464
5119731
8495500
7719345
3139879
2688251
8980286
6491230
2070593
7393740
1359137
8789992
6272515
7511621
4778025
2387681
3398633
5990136
3774677
8119647
9300416
8447420
9847381
5144660
5637787
8147455
1748982
8798701
9593956
388072
8894773
7015611
4287922
6204879
1696866
5789767
6182576
9328177
1123913
220398
7553875
925647
7333914
5304099
7916682
3821781
3839135
9831561
8195393
1605747
9336033
7496500
5382594
8322566
4069365
1639192
3446544
1288194
1398535
3924011
8328363
2977298
8095522
2689776
1012391
7903218
8827572
3713719
2858254
6942827
1264185
4694287
1650747
4654662
8296723
4884979
5153733
4796965
2970317
3000863
1346834
5472910
9901569
9771363
978747
8113546
4191879
6327366
8588642
3854659
5145044
5987660
2727116
6771978
7459125
4949144
4750813
5909838
6986382
6887231
8269859
7071619
1641415
7537303
8094855
936001
586490
7955028
8360254
6221254
6434333
9342811
4393504
5340490
5882525
8081600
1854453
5274027
3929942
6921728
9687043
8230694
5624524
7163393
505458
5078110
7152982
7096899
3179393
9492710
5006873
3974648
7588277
2313428
7945817
351401
781780
3678721
1527438
756232
7114067
5184765
9084955
1349070
2311812
5523398
6207174
3466686
2891080
841551
8011948
1777409
7855747
5409649
9803019
9140830
9190221
9094641
2061477
3208207
1301793
5604018
146880
4301214
7273037
9500414
7569451
171161
1552240
582047
9243540
867741
4539942
1382485
7743921
6135826
4422228
7263923
1260281
8510777
5556493
8861352
6681616
7597206
732989
3480709
5041048
4893048
6715535
5462299
9412936
3960292
8607344
5491487
7277959
7745645
8793015
5371849
358186
3418863
475291
7871702
4972976
5223451
4155294
913091
5077884
7523860
7797490
1593056
8322553
3485295
7875755
8310195
2699949
9636656
9014450
8615217
7658063
2944154
4518526
6312422
8906581
4962515
8729240
3809707
574833
7132712
4847133
4747944
1863645
2359571
8631535
7536235
7882583
629578
9215887
2577785
5975369
618632
3170803
4691821
9510092
4991501
6901826
7520196
847180
4409118
5486451
8553006
3996897
4136869
3135024
1815781
5339478
7586451
1602748
231467
7704846
3125814
8085070
1203679
9095161
4056208
3396319
7063345
2382306
6782239
4561540
6679118
6423724
8890353
3344044
5752602
2213850
7103080
3686274
1102655
9924732
4890847
6559166
8588727
3988224
900102
295262
5231414
3733495
2295966
8123408
3559080
6517421
1619562
2327955
242631
8771733
1824633
6222938
1676214
7939658
1785031
961827
6319821
4886073
3754066
4095968
7340473
2039081
5008711
749972
9371883
7257166
8226076
6299816
58175
7215006
9016529
1519579
455451
6962252
4477302
7305238
8335709
4233506
3632350
6289080
4970800
8073975
9188721
2925844
9069834
1394164
166605
1961781
1201629
6178273
6649726
7590406
8254520
8244793
1154651
2053801
269029
5694137
5932092
2965879
1324619
1476948
1890172
3214130
2069943
5878076
2769144
5938935
3956699
9135034
7698941
9794597
4270441
7896070
6335440
6463841
6647334
1771824
3398248
3227598
3924116
7845859
3622273
8284472
8889178
1683205
3887311
5469360
3785908
3112346
6604314
8038288
1265131
3854954
7313977
8266578
7891688
1938953
9892709
750078
6280906
4754370
4763039
2504222
3473889
8597725
9069932
2223292
1256308
7599557
2911459
4392340
8783514
9041006
2401716
1336763
9095552
5239194
8595832
7749661
8888832
4417493
1121374
7754638
5256910
4275576
6737392
4141807
4021065
2335483
5981817
3057335
1742017
6563768
5569870
5131939
7537387
8256121
270585
5801325
1425145
6719662
5615528
3401637
3071550
1899476
1983207
3515565
8542750
6769753
1354669
1999835
2942434
6046230
350190
7142388
3663615
1575469
7033943
3477620
2390852
7617829
4412971
5930661
3959890
1164826
558758
3166704
6714916
3417871
3844119
3289029
2099355
8604264
1915114
3359390
874268
5417574
4707120
6607055
9579207
4543445
5066162
7647838
3633499
2968117
5351049
6552062
2821689
2065844
4768815
7180444
815067
1822677
135436
3849504
2851871
7977931
2255706
3093147
4732023
2350968
1180656
4054665
1877897
9169772
6227823
1873477
9370860
1829101
839132
3323503
2594016
5179850
8103121
2915150
3394791
8187569
82682
690455
8526692
596921
2966432
21031
5537784
5100180
501319
4861009
6244130
3431721
165973
1112275
9459647
796740
108806
6026863
2749511
8091332
1787
2901452
7632493
5482306
5650295
5711478
3878254
4089024
5451398
9787479
6328883
4745817
6607344
153835
2019623
4122383
378027
8730164
6281969
8840921
8595640
5238218
3982987
7652533
8166651
4362175
6087949
221805
6350740
3477830
2329041
8617276
7233240
1096252
7921138
4216839
8997122
6060048
5986313
8410950
2352469
1485468
7631981
222852
2795891
5461145
8473254
7763828
3249230
2594358
3798305
3302858
9066420
6638276
4546236
3653859
4399244
4638717
2800139
8570022
7477267
7306547
8593766
9883581
2484099
8651896
9488397
3240705
7401657
308984
597225
2454991
446011
2435393
5517756
3739388
2532858
3587210
7978453
3375221
9587639
6551565
9914022
7738281
6454750
5760632
4154479
9025797
3662246
4616260
8946306
3514443
9362918
7821978
7119727
1728316
1399539
4649192
4874333
1507219
8631561
3956966
3875993
5639343
6412480
739867
5641172
5458808
8421539
6995933
9030516
607352
5930401
6786874
81720
3020764
6024875
6505244
8382450
124505
2303720
6568350
5717244
8209269
5141020
26272
818056
2006100
3725573
6901439
8706296
591955
8780182
469779
4334916
2930488
3115689
3148547
8022312
8589118
6989062
5173506
4515494
472281
6611791
8828218
8428207
6772121
7094271
4630782
6270348
8761652
5613873
3588428
9318282
9541803
6658772
1397963
2171305
6402553
8826632
6300129
8997752
6069700
1846641
2188526
3194920
7782650
3245386
2528833
6470205
3884903
6391472
8661609
196521
1407801
5530787
8142074
5303315
989355
8863721
4912827
6935158
1393877
7717639
3310530
6643110
8884401
8432330
2175176
7969771
748749
3703137
3660649
947111
1391412
1815905
3737824
7246885
7577242
5459833
7836573
506659
6649280
6618801
5590612
5700139
7841881
418651
3229168
7328738
2171612
8747396
802082
8681984
812236
3967254
4129990
3447608
5346426
4101878
8138829
6547827
5835671
3509085
9067990
3236555
4261167
7238866
7934006
4212971
1562326
3028385
6586765
9790085
6235847
2200156
712781
8002634
1257128
9606507
1220176
9946856
3947136
3202929
6582567
615378
331656
5834834
3924147
5023676
1526201
5386711
5895837
7520249
4728660
4569621
3722442
6830868
5513113
8312420
4193333
607951
1292061
4974065
9824261
1039327
8050639
7408790
6935481
7416355
3755235
1292917
5971432
2469561
2200222
1061498
2029827
6750664
480392
8304954
1273042
9373058
1762962
3540311
662314
4018544
2581872
9898619
4285304
6276262
488428
6459547
9440187
2100535
3566159
9716144
9594471
7457489
8054084
3967182
9354375
6076048
4121433
5311460
8660624
5627091
2698166
9357902
9569136
2625269
8189477
9767225
9180129
2881176
2888814
3305424
6546775
7427278
8952732
7216259
9724582
3499204
2912269
6409383
1515278
6374699
5869337
1212718
8914064
655764
9762949
1252116
1786635
8925182
6388951
7398313
882504
1616852
1218222
1660638
3933694
4410051
8482175
4408875
1292969
8490951
7480679
9369141
9333345
4620406
2616381
9466605
660696
4105247
1270724
777306
5083852
8491014
4310770
7603291
4241672
5077263
3752301
8999759
5804135
7202279
903461
5959823
244585
6652250
6174554
8901982
4322836
520627
8663436
7107325
623940
6376639
9612252
5317975
1764954
7697598
8880137
7835187
1212181
6177858
7687768
7145007
43885
8747974
4063544
2351344
448595
4920838
9657452
2510739
2266664
4427239
7887535
1340093
8462848
6011518
3745188
2708061
9060235
5728699
5009346
822765
770939
7117650
3105956
5092938
1326546
6220567
9397942
7266571
3341390
1577242
9302217
7640574
2434293
3043323
2304112
7886922
8289500
3564920
675922
355221
5355121
4887670
3505100
7588552
1957446
1586544
5498964
1228941
2752101
7773385
1956585
6490737
9638081
7372386
2284891
6944620
528279
1949398
4484818
4481946
3700201
9739177
2144677
1018565
7843132
5735385
3651742
1749208
4373128
5491335
569381
4577990
9104725
4625217
8425888
6727539
4948405
1931699
8522493
7468696
5945387
6472547
3791874
5414709
5656408
8052062
5224789
9888266
9688731
6078876
7931320
8496695
2975712
3973835
7514500
7240091
7315805
5004390
8107973
5229101
3632997
709144
3165611
3403524
6438211
4921888
8889888
5519878
5051324
4812665
8047108
115490
7285992
5334116
8841435
4158655
6504587
4994535
9505970
2658858
2218099
8974816
4317987
3637979
7735952
264616
856737
4552891
5763257
713803
1496070
4511794
4298100
1678461
4360456
6441074
699041
8286383
271804
4736460
1373086
2255266
2575815
6871655
8176963
5667423
6160437
1939634
329617
2138136
465288
5166189
2401405
2410387
8829799
5062311
4775581
8566970
3139090
9071410
2870188
4771654
8400473
4319354
5363616
2734287
6619773
2389745
9684600
6940425
3145504
923815
5107554
8094289
1510251
283771
9936700
3194527
4722454
520365
9467530
7195494
1948092
2449940
5681702
4302443
9570627
6773134
7961592
6607233
4728867
6856878
6503249
3991863
7606253
4053299
6561607
2010338
5981388
9243567
2179404
3805082
1848475
671696
2631278
8022321
5277633
6072739
3457158
7161542
5108919
6601807
6664094
9827367
9560175
1134765
1443269
5947850
2377686
2138404
7579018
6181448
1769933
8497389
8619247
5455570
38564
6437175
831724
5862870
1557049
6996583
6988301
5987100
5546275
7380653
1099197
2138570
7957712
3963863
1362049
1949966
3698571
6715740
3795519
2316467
6419726
8385361
8294822
1759817
8135991
6908161
2176631
1954196
5059663
6187977
3673352
4372461
9202098
8659137
9291908
5794510
7534378
2847917
4469673
765230
1796988
529613
6540342
9997697
2409726
1016928
2665047
1188007
9356914
4617338
3089154
2741294
1409288
3361551
1852714
1504220
2592807
4732114
2912644
2757425
1425899
3310697
9527293
4442101
4120533
6014523
8709095
7878083
7678822
8906859
568643
4076555
2615674
7443459
4453539
8158644
7899358
7456277
9927990
4361917
2625668
1177749
844198
649954
9927705
1173362
5024135
5035930
8672104
5177213
400422
5389277
7603897
6514701
857567
715256
4775994
8048438
1469921
4680440
2335613
2397943
3350275
1502820
3038825
7560606
2903111
233461
225678
5000890
8919083
5927310
7412223
6776675
3652396
5233998
7142079
9336101
790322
9535147
1289009
4245233
4054176
912916
6613287
296315
5063639
4955227
48498
7198325
8051418
9686285
7931713
8366019
2032776
1756758
2188818
9200580
8114586
9436132
4348110
7694462
771104
6920501
5179090
6194949
7118747
6002245
3739725
6725435
7489757
9243721
4664261
7390348
3934671
3455356
6635019
4079120
676148
3499171
8155414
9936548
1991726
4222007
8977772
4881337
8520702
2668421
6838365
8831598
2570393
3631408
9513372
5235479
6639601
9069828
1633356
6007110
7082206
5954607
4180116
5032466
6601371
7701484
2138660
5036709
5094929
1506291
2388322
1794030
8265107
7619438
9590911
412970
7360790
6879504
2570082
744626
1438162
9671504
7474970
2838142
5605571
2883631
6882440
8807298
4861103
1406980
5916136
4473986
3336385
7255925
7446846
2718815
3027748
2482580
8487525
596025
4425932
1716919
9007654
3959367
3848106
6384891
2565414
6597528
8731066
5440013
5392524
5692165
2662016
6789676
6865380
1788541
6503469
9505566
9657494
9408228
611315
9378327
2292029
3935271
5850257
9409791
299577
1471693
7878328
2431786
4735146
985139
2320
5198775
8419656
2260941
4798519
2022238
945057
8922815
3648221
1297937
3218528
3100868
6355085
122909
1120038
7202548
91450
607224
5708874
8681603
8063328
6456250
4338567
5702101
3488862
9932376
3025994
5158986
3752611
7400847
5469234
9643608
2928105
6322557
8220106
6632131
8253704
7777362
4691134
1426656
7601842
6384675
2913024
5193361
499346
3833804
3257539
818916
4836593
3144695
2702032
2245861
5045818
8250462
1635669
7449633
5234007
7526263
7693758
1284328
2523356
484803
8655377
2051278
1682362
4016953
3050868
4833956
2023207
8276644
2799554
5394684
1496132
2592449
6934392
743057
929144
8633919
9269078
6362979
3441400
1468973
5724486
5524626
201251
9119346
8955098
3109624
3904969
7754270
8902458
4942181
5619789
2758314
7951492
3745864
8964942
5567470
8476852
4535162
7996962
2388296
8740295
5502923
1620618
3698132
336419
5279235
7864387
2770098
6682907
3814230
5939494
7374786
7412774
2076783
2644084
1281274
7949908
5263007
2379201
1213282
7035567
5272912
6810806
511991
7522281
840530
1042168
2915263
7362962
7892293
8053503
8583685
8396854
8460364
2120853
9787076
270250
3792123
4943756
5510801
5628788
6173896
5291326
2649423
579405
4426554
4118973
6425941
1343904
32474
2313030
4208075
4012393
4417875
7488171
4988722
9353678
3041464
9592542
1455962
8751051
8629771
2468155
2798664
505702
4151541
9969119
4176941
7986344
5937967
757902
3132429
2402444
8732520
5479874
4121561
3339812
7393583
3658968
9825692
9621089
4475047
5362368
1925149
1540029
8974485
4449725
4620002
3067307
9165456
6052448
1338501
9236872
1619977
821247
8794902
9595739
9279111
2435129
2841521
3336421
3744120
2882655
7405651
5530013
837537
2106352
1210098
6739309
3923006
4743724
6946847
215119
6474663
6903407
4106553
1865315
3951296
182585
9762260
8234937
5157480
8461852
1263946
6847034
4963326
5406311
1021204
1427744
3506433
7056731
6334576
1775423
1814109
4412222
6581739
4332504
160851
5485908
5972975
4880039
3415536
4957702
2561033
9198759
7134747
2253327
3223712
1026781
9223082
5646350
9933189
9192927
4608268
810011
4784320
7415955
4568346
7138284
9974849
933828
8100144
4110613
4213656
3863461
32724
2992394
8878887
9990245
9466418
6243330
5656007
7547930
2557537
8148367
2356510
5473332
5670793
5390998
5151259
4606607
8485914
5556303
3548071
2356687
1771890
4881170
9101438
3462812
1231756
3961715
62912
2656890
7072739
1583002
1963932
7267771
8771087
2353745
8468548
9107339
5877817
3408746
7741711
5339648
8651103
9084399
7049501
7458177
6802942
177681
2340859
5982574
712237
6166612
156108
6035129
7083332
4600267
6365729
5568497
218545
1758963
9963595
3690069
825148
2640370
422023
1264667
6591734
6344841
3961754
9776119
2645835
5013332
7498136
7289551
5444136
613891
8995518
2280094
648558
4077735
9495042
7080016
4105949
5553539
5176746
2745117
5176074
2878640
7475065
6252571
3342049
7758405
5487551
9116195
2289316
5600138
7699824
3741491
453695
5465436
9395451
141595
3416039
1185011
8027688
996638
1460426
3322554
1300690
7462807
5114809
4379317
1741026
1623774
2557480
6398635
7136011
4025924
5399667
959722
8373591
6350212
3544031
6442636
4939218
9947246
5570777
6401376
3608333
698573
8417569
5899682
7718822
9465916
8996360
9744156
2815957
5251506
829727
7691918
9433093
5116411
791241
6915088
5304547
890152
4598867
1271950
7402827
7753685
4837315
264755
8850555
3889174
1974755
7956675
6978143
3563797
7091237
3575510
6581483
8251175
4850604
1049328
6779618
1692815
6624667
4299298
780552
5163304
6617834
8757539
5334078
8626824
8342363
7282912
683689
1958863
4858838
415232
2425353
7955845
3823446
6738482
3839130
5466737
7573068
9016164
980312
6654475
9231147
5717019
3099965
7131454
8131772
5566923
7810485
1512065
1736346
4842822
3819921
9786682
6656667
3267198
4029597
1845247
8400217
4566563
8322709
8464989
8017882
2025134
8467305
7125620
3961300
7694858
7215248
126661
9146479
6315574
9899475
655414
6472288
1454147
9615061
9690405
856853
1889021
6415294
2923935
2231879
846678
6862184
2248748
1874341
9339107
2741534
777609
3956963
7556427
6785870
3850933
5263336
5036412
8844289
1036443
8640496
1162751
8096424
5736138
9951232
2436409
5628481
9689705
4040342
1919598
6972468
9399823
2543507
9269383
6055464
303638
5244422
6858076
413960
2376018
7125250
8620112
2499029
7774025
5257452
3470202
3431262
7118368
3244454
4405133
3660123
6056422
6054619
7731641
9640586
7862749
4772390
4255406
6860597
1006851
9047475
5721243
7336129
2854251
4836357
5312182
4036298
1965788
6407382
595195
5609195
1821371
4520143
943892
2249813
8218250
7191807
9173609
7584635
1080195
5527495
8891875
2043172
8962791
4718794
4897331
344905
1151410
9503907
3852741
9450843
7922218
4134912
6412821
3612059
4272934
9212061
5202
9993304
6228852
1621996
3542884
1757989
1691002
9256203
1489169
5471526
9717128
9188001
4901084
6213229
3112492
6550791
1344930
6882672
9256362
1487266
3907643
7844620
3201331
3228713
1920229
9277319
5256492
3615517
2464648
1372175
2501774
7184398
2253046
6878527
9979603
1324910
4048366
6395427
2671376
7947124
437906
9283057
3790046
7604434
476491
2099595
8406471
8079833
1483512
2065059
3975981
2070974
9108124
5211867
942969
2798786
3669532
7602530
7275129
2116370
9734310
3278124
515279
3009342
8910336
4446875
9737572
7255756
2916940
7830404
7656177
9453188
5133511
6055863
58392
622512
4033821
4515430
5720428
8162346
1180952
2210296
5012979
4055137
9787751
9754507
9514979
9915235
7240356
8934717
8127808
5721348
6437377
6005108
7418523
8890136
6314916
5242451
5219503
1724728
1507683
194454
6873268
8211349
4739041
7525299
2935002
5639224
3237895
2395401
5631699
2583367
2247909
4908203
8925627
2416822
4524631
4314955
3641164
708374
4608661
1389184
4787886
5613699
618098
9665718
2949090
2682379
4321058
3084874
5403807
9380165
2329157
990581
5511637
65302
7395407
1401950
813616
9159722
9005066
10977
1288609
8820323
6715567
5454786
9253585
7542532
8031703
1069009
1507438
7817803
4994856
9549627
2491850
4218621
120106
9733756
4479037
8099098
2832661
4055615
7095009
1476126
2135109
1142082
3848354
595570
9879571
482956
7758331
9189898
1723925
5144253
1662430
2498109
9618843
4088560
1332362
5745778
502449
7824675
1138767
4972483
772011
9829462
2678770
3845844
5057125
1468066
6516837
7415827
836459
9984321
5988211
2639968
7520176
7541379
9875526
5949576
9762757
4263339
7693053
128962
9976003
9761780
7299330
6344168
4279585
5726885
9607762
2284656
9456585
6820997
9276132
4070820
5874052
8333150
3429753
7832203
2783670
6836364
2709343
6675686
7935219
4435141
233535
139924
3015584
8098847
4427243
6171723
68648
3047334
1090954
162018
1756474
3188392
8572330
1643569
89782
2202287
7450342
6879432
4085776
6026886
2753477
4760736
6703970
1217531
2407395
4184219
5365748
3939061
343731
3394459
8380947
1193061
6500585
5652685
1684858
9291639
8806541
1033475
6431592
4559716
4163918
1152649
8194856
7781036
6433253
2194080
2794760
6998788
9469862
1730114
2099330
2939946
2374663
6519753
5542021
7553148
2295235
1720676
9551566
8933097
7349459
6765673
7608092
5250225
8542892
9530971
8219519
6212517
4912345
8363429
6754804
3057128
552001
1035487
9775719
7102602
5664679
761253
7276390
2488237
6329741
2034032
9069908
885304
9290421
3235066
6453931
4685575
8737208
8715201
9242230
455765
1800220
365673
1266748
6292267
8262374
7571117
4534790
5118681
7866431
4877400
3368570
939407
5512881
8708795
5059384
6595744
631901
8033499
2836288
9666635
2061507
9003417
279222
7814439
3875307
283625
3699097
6096746
777097
4038839
462452
6548540
3915892
7358703
6755854
4684638
9273784
280643
7865299
8480593
1140373
9508492
7688451
2860918
2611310
1427047
1902626
6756714
3534872
4077165
979020
390467
3879254
5382977
5063740
7604004
7104653
4112213
2638792
1766285
3797989
802635
8831250
4080908
564493
8201986
7256404
9958935
2969169
4645841
1360782
2530809
4182498
9237185
7373482
2341875
2908571
4693501
1179380
8809190
5160164
2291616
5695306
2113022
4494092
3467478
3660391
3854664
4431519
4317521
3144368
1032832
4961724
2500207
9532650
674195
2264137
850795
8264644
1799227
7082315
8399345
7181785
7312805
2544840
7421403
5984381
879675
6651926
4652782
3001444
2878101
8132917
5864307
6245219
5120733
6928599
5619320
6552265
6189915
2163651
8226230
5505456
7955371
1148351
1650331
9786393
9125392
2684979
3463540
6625277
3528386
6753208
6787715
2095367
9229807
510092
4626600
5141748
9560221
7464074
2983458
5439177
8663457
2668795
6725868
2441394
2269492
1831278
7286114
6314318
9054918
6340429
7975085
8838175
9174558
9395582
939511
3818638
4330985
651178
9606839
2064667
8094414
8092481
1839011
5570807
6093617
6218561
1955834
9184267
3169254
9032602
4290619
5742210
8614179
4825937
7005177
2432226
1220991
7291010
2518265
1959074
3015323
4109823
90977
1993330
4274050
9838241
6864564
332660
2710784
4642844
5960598
1224043
6556768
4245872
4130373
375303
4673441
9295118
6879848
2326916
6803682
4299437
5998451
4060142
3601923
7256912
2984439
2985075
9179038
1151502
1986544
5782331
8556101
7605345
7571019
6964617
8641835
1147721
5875195
2479559
4131750
9797991
2523094
4192699
9072695
3958675
7055600
5669674
744721
976154
1567146
8319161
4982902
7150300
742822
9663247
1094912
2460669
1554269
2269472
125897
5825745
3499672
2708859
2380370
323003
4462625
4796826
8831555
8471437
3016576
328959
6331823
7414494
5316045
3541199
8383552
2640190
3592727
2604070
1637958
6736532
3714069
2603166
3260134
6604161
1263852
9663176
5831759
8534496
9168761
5140315
4558605
5610467
5021893
2138108
6208223
5998252
2943587
3994046
423840
3872275
3071923
5839715
1843751
6952038
1589695
5854580
5801142
5928183
5571604
2413665
1287543
1416539
9874881
6971993
2333749
3502689
7798498
233663
2995302
7425965
3300575
921081
1725309
6500582
190555
2289908
8075556
9982950
2902154
1427863
8387632
9268051
4205075
330613
7418916
534075
7527888
5765555
9694036
5753334
5441471
7014372
7780586
6848841
1291836
6727807
4658592
9699708
7973126
331221
3886428
5684894
6396010
3687021
4361587
8503648
6333686
7050174
6132897
3122309
4017111
5745569
9941513
1870960
4103073
4451072
5951165
9949772
8453148
2487718
6473904
8903691
538540
2098535
3405742
1985436
2225267
340077
3557316
9750647
9196094
7915853
4097901
7715291
2330085
5048369
5926782
454318
4987577
5316609
4944235
8131851
337854
3278361
9915037
2127029
8618734
651852
900637
6155972
1531756
8848743
4081842
8089123
9853572
2730638
7202037
5524605
783656
1603779
4831707
5101996
3550328
8671751
4188190
1527315
5361614
9433542
340327
7328792
4914354
2844405
4285845
8474356
7364472
6449548
8610054
4155574
2913237
8155753
3217591
1279136
978829
2823591
7974702
5505776
3299455
1443009
7703
1037868
2253716
4297602
874011
780759
5185899
7228000
2855300
6989225
1588286
1872345
4218074
59273
7619560
6591949
445120
9736821
1627823
4682750
2162041
8688649
5098692
428320
766233
3117309
5763399
1567710
9611418
8900522
3478780
8831519
2009001
4596935
4930471
9342150
7278267
4583903
212605
879279
2610597
6579334
2901743
8279172
1608621
7848415
5369730
1566523
19395
3507407
2769613
7810101
5401427
8510500
2380725
5148545
248546
2142061
9813490
7950241
7439335
135414
9951423
6651290
2789049
4900659
8447327
4458142
1951630
8767818
9092543
5806569
7952638
8637963
3442660
8236210
1229642
2983784
1709975
170011
6214779
3752399
8122471
1980459
7214926
6397021
9701054
6679571
1628116
1000449
4721193
9587220
380536
6252140
6002121
3412391
3876652
5901992
4606158
6324619